4294967293,131
4294967293,130
4294967293,129
4294967293,128
4294967293,127
4294967293,126
4294967293,125
4294967293,124
4294967293,123
4294967293,122
4294967293,121
4294967293,120
4294967293,119
4294967293,118
4294967293,117
4294967293,116
4294967293,115
4294967293,114
4294967293,113
4294967293,112
4294967293,111
4294967293,110
4294967293,109
4294967293,108
4294967293,107
4294967293,106
4294967293,105
4294967293,104
4294967293,103
4294967293,102
4294967293,101
4294967293,100
4294967293,99
4294967293,98
4294967293,97
4294967293,96
4294967293,95
4294967293,94
4294967293,93
4294967293,92
4294967293,91
4294967293,90
4294967293,89
4294967293,87
4294967293,86
4294967293,85
4294967293,84
4294967293,83
4294967293,82
4294967293,81
4294967293,80
4294967293,79
4294967293,78
4294967293,77
4294967293,76
4294967293,75
4294967293,74
4294967293,73
4294967293,72
4294967293,71
4294967293,70
4294967293,69
4294967293,68
4294967293,67
4294967293,66
4294967293,65
4294967293,64
4294967293,63
4294967293,62
4294967293,61
4294967293,60
4294967293,59
4294967293,58
4294967293,57
4294967293,56
4294967293,55
4294967293,54
4294967293,53
4294967293,52
4294967293,51
4294967293,50
4294967293,49
4294967293,48
4294967293,47
4294967293,46
4294967293,45
4294967293,44
4294967293,43
4294967293,42
4294967293,41
4294967293,40
4294967293,39
4294967293,38
4294967293,37
4294967293,36
4294967293,35
4294967293,34
4294967293,33
4294967293,32
4294967293,31
4294967293,30
4294967293,29
4294967293,28
4294967293,27
4294967293,26
4294967293,25
4294967293,24
4294967293,23
4294967293,22
4294967293,21
4294967293,20
4294967293,19
4294967293,18
4294967293,17
4294967293,16
4294967293,15
4294967293,14
4294967293,13
4294967293,12
4294967293,11
4294967293,10
4294967293,9
4294967293,8
4294967293,7
4294967293,6
4294967293,5
4294967293,4
4294967293,3
4294967278,130
4294967278,119
4294967278,118
4294967278,116
4294967278,114
4294967278,111
4294967278,110
4294967278,109
4294967278,107
4294967278,104
4294967278,102
4294967278,75
4294967278,88
4294967278,72
4294967278,69
4294967278,66
4294967278,64
4294967278,63
4294967278,60
4294967278,59
4294967278,58
4294967278,57
4294967278,53
4294967278,52
4294967278,49
4294967278,47
4294967278,44
4294967278,174
4294967278,260
4294967278,43
4294967278,42
4294967278,41
4294967279,78
4294967279,75
4294967279,73
4294967279,71
4294967279,69
4294967279,68
4294967279,2
21,0
4294967294,850
4294967294,655
4294967294,849
4294967294,187
4294967294,659
4294967294,535
4294967294,893
4294967294,549
4294967294,646
4294967294,387
4294967294,531
4294967294,652
4294967294,570
4294967294,183
4294967294,649
4294967294,605
4294967294,603
4294967294,641
4294967294,601
4294967294,600
4294967294,573
4294967294,599
4294967294,568
4294967278,359
4294967278,358
4294967294,597
4294967294,569
4294967294,595
4294967294,561
4294967294,593
4294967294,592
4294967294,591
4294967294,534
4294967294,551
4294967294,588
4294967294,587
4294967294,532
4294967294,640
4294967294,191
4294967294,541
4294967294,1124
4294967294,389
4294967294,329
4294967294,328
4294967294,327
4294967294,326
4294967294,325
4294967294,323
4294967294,324
4294967294,322
4294967294,321
4294967294,320
4294967294,319
4294967294,318
4294967294,317
4294967294,316
4294967294,96
4294967294,315
4294967294,314
4294967294,313
4294967294,1105
4294967294,385
4294967294,394
4294967279,137
4294967279,358
4294967278,344
4294967278,337
4294967278,336
4294967278,335
4294967278,334
4294967278,333
4294967278,332
4294967278,331
4294967278,330
4294967278,329
4294967278,328
4294967278,327
4294967279,308
4294967279,302
4294967278,297
4294967279,297
4294967279,293
4294967278,288
4294967278,287
4294967278,285
4294967279,287
4294967279,285
4294967279,284
4294967278,284
4294967278,282
4294967278,281
4294967278,280
4294967278,279
4294967278,278
4294967278,277
4294967278,162
4294967278,276
4294967278,160
4294967278,275
4294967278,274
4294967278,273
4294967278,272
4294967278,271
4294967278,194
4294967279,190
4294967278,191
4294967279,188
4294967279,187
4294967278,188
4294967279,185
4294967278,183
4294967278,182
4294967278,181
4294967278,180
4294967278,178
4294967278,177
4294967278,175
4294967278,173
4294967279,168
4294967278,169
4294967278,168
4294967278,166
4294967278,165
4294967278,163
4294967294,312
4294967294,311
4294967294,310
4294967294,309
4294967294,308
4294967294,306
4294967294,307
4294967294,305
4294967294,304
4294967294,303
4294967294,302
4294967294,301
4294967294,300
4294967294,299
4294967294,298
4294967294,297
4294967294,296
4294967278,157
4294967294,295
4294967294,294
4294967294,293
4294967294,292
4294967294,291
4294967294,289
4294967294,290
4294967294,288
4294967294,287
4294967294,286
4294967294,285
4294967294,284
4294967294,283
4294967294,282
4294967294,281
4294967294,280
4294967294,279
4294967294,278
4294967294,277
4294967294,276
4294967294,275
4294967294,274
4294967294,272
4294967294,273
4294967294,271
4294967294,270
4294967294,269
4294967294,268
4294967294,267
4294967294,266
4294967294,265
4294967294,264
4294967294,263
4294967294,262
4294967294,261
4294967294,260
4294967294,259
4294967294,258
4294967294,257
4294967294,255
4294967294,256
4294967294,254
4294967294,253
4294967294,252
4294967294,251
4294967294,250
4294967294,249
4294967294,248
4294967294,247
4294967294,246
4294967294,245
4294967294,244
4294967294,243
4294967294,242
4294967294,241
4294967294,240
4294967294,238
4294967294,239
4294967294,237
4294967294,236
4294967294,235
4294967294,234
4294967294,233
4294967294,232
4294967294,231
4294967294,230
4294967294,229
4294967294,228
4294967294,227
4294967294,226
4294967294,225
4294967294,224
4294967294,223
4294967294,221
4294967294,222
4294967294,220
4294967294,219
4294967294,218
4294967294,217
4294967294,216
4294967294,215
4294967294,214
4294967294,213
4294967294,212
4294967294,211
4294967294,210
4294967294,209
4294967294,208
4294967294,207
4294967294,206
4294967294,204
4294967294,205
4294967294,203
4294967294,202
4294967294,201
4294967294,200
4294967294,199
4294967294,198
4294967294,197
4294967294,196
4294967294,195
4294967294,194
4294967294,193
4294967294,192
4294967294,159
4294967294,158
4294967294,157
4294967294,155
4294967294,156
4294967294,154
4294967294,153
4294967294,152
4294967294,151
4294967294,150
4294967294,149
4294967294,148
4294967294,147
4294967294,146
4294967294,145
4294967294,144
4294967294,143
4294967294,142
4294967294,141
4294967294,140
4294967294,138
4294967294,139
4294967294,137
4294967294,136
4294967294,135
4294967294,134
4294967294,133
4294967294,132
4294967294,131
4294967294,130
4294967294,129
4294967294,128
4294967294,94
4294967294,708
4294967294,707
4294967294,892
4294967294,725
4294967294,704
4294967294,1217
4294967294,538
4294967294,564
4294967294,895
4294967294,706
4294967279,217
4294967294,59
4294967294,58
4243767290,0
4294967279,216
4294967294,462
4294967294,461
4294967294,460
4294967279,215
4294967294,633
4294967294,459
4294967279,214
4294967294,458
4294967294,457
4294967279,213
4294967278,101
4294967294,363
4294967294,362
4294967294,361
4294967294,360
4294967294,359
4294967294,358
4294967294,357
4294967294,356
4294967294,355
4294967294,354
4294967294,353
4294967294,352
4294967294,351
4294967294,350
4294967294,349
4294967294,348
4294967294,347
4294967278,357
4294967294,346
4294967294,345
4294967294,344
4294967294,343
4294967294,342
4294967294,340
4294967294,341
4294967294,339
4294967294,338
4294967294,337
4294967294,336
4294967294,335
4294967294,334
4294967294,333
4294967294,332
4294967294,331
4294967294,330
4294967294,4
4294967278,304
4294967278,98
4294967278,303
4294967279,97
4294967279,303
4294967279,96
4294967279,95
4294967279,301
4294967279,300
4294967279,412
4294967279,94
4294967278,93
4294967278,298
4294967278,91
4294967278,296
4294967278,295
4294967279,296
4294967279,411
4294967294,122
4294967294,121
4294967278,292
4294967279,84
4294967279,196
4294967278,83
4294967278,291
4294967279,83
4294967279,195
4294967278,290
4294967279,82
4294967279,194
4294967278,81
4294967294,542
4294967278,289
4294967279,81
4294967294,540
4294967279,193
4294967294,119
4294967294,589
4294967294,108
4294967294,110
4294967294,705
4294967278,80
4294967294,1252
4294967294,1251
4294967278,403
4294967294,1250
4294967294,1249
4294967294,1248
4294967278,402
4294967294,1247
4294967294,1246
4294967294,1244
4294967294,1245
4294967294,1237
4294967294,1243
4294967294,1242
4294967294,1236
4294967294,1241
4294967278,401
4294967294,1239
4294967294,1238
4294967294,1128
4294967294,1235
4294967294,1234
4294967294,1781
4294967294,1780
4294967294,1779
4294967294,1778
4294967294,1777
4294967294,1776
4294967294,1775
4294967294,1774
4294967294,1773
4294967294,1772
4294967294,1771
4294967294,1770
4294967294,1769
4294967294,1768
4294967294,1767
4294967294,1766
4294967294,1765
4294967294,1764
4294967294,1763
4294967294,1762
4294967294,1761
4294967294,1760
4294967294,1759
4294967294,1758
4294967294,1757
4294967294,1756
4294967294,1755
4294967294,1233
4294967294,1142
4294967294,1754
4294967294,1232
4294967294,1753
4294967294,1141
4294967294,1752
4294967294,1751
4294967294,1750
4294967294,1749
4294967294,1748
4294967294,1747
4294967294,1746
4294967294,1745
4294967294,1744
4294967294,1743
4294967294,1742
4294967294,1741
4294967294,1740
4294967294,1739
4294967294,1738
4294967294,1737
4294967294,1736
4294967294,1735
4294967294,1734
4294967294,1733
4294967294,1732
4294967294,1731
4294967294,1730
4294967294,1729
4294967294,1728
4294967294,1230
4294967294,1229
4294967294,1228
4294967294,1227
4294967294,1226
4294967294,1225
4294967294,1224
4294967294,1223
4294967294,1151
4294967294,1150
4294967294,1149
4294967294,1148
4294967294,1147
4294967294,1146
4294967294,1145
4294967294,1144
4294967294,1143
4294967294,1122
4294967294,1140
4294967294,1139
4294967294,1138
4294967294,1137
4294967294,1136
4294967294,1135
4294967294,1134
4294967294,1133
4294967294,1132
4294967294,1131
4294967294,1130
4294967279,80
4294967279,291
4294967294,1231
4294967278,77
4294967294,1129
4294967278,353
4294967279,77
4294967279,290
4294967294,1221
4294967294,1222
4294967279,74
4294967294,1127
4294967279,288
4294967278,189
4294967278,73
4294967278,187
4294967294,1219
4294967294,1220
4294967294,1126
4294967294,1125
4294967278,184
4294967294,1123
4294967294,9
4294967278,322
4294967279,70
4294967279,286
4294967294,1240
4294967278,321
4294967294,1121
4294967278,319
4294967279,66
4294967279,178
4294967294,1690
4294967294,1689
4294967294,1688
4294967294,1687
4294967294,1686
4294967278,179
4294967279,65
4294967279,177
4294967294,442
4294967294,441
4294967294,440
4294967294,439
4294967294,438
4294967294,1685
4294967278,318
4294967279,64
4294967279,282
4294967278,283
4294967279,63
4294967279,175
4294967278,176
4294967279,62
4294967279,173
4294967278,317
4294967279,281
4294967278,316
4294967279,60
4294967279,171
4294967278,172
4294967279,59
4294967279,170
4294967294,1684
4294967278,171
4294967279,58
4294967279,169
4294967278,170
4294967279,57
4294967294,1683
4294967294,1682
4294967278,315
4294967279,279
4294967294,426
4294967278,314
4294967279,55
4294967279,166
4294967278,167
4294967279,54
4294967279,165
4294967278,313
4294967279,53
4294967279,278
4294967294,1681
4294967278,312
4294967279,52
4294967279,163
4294967278,164
4294967279,51
4294967279,162
4294967278,311
4294967279,277
4294967278,310
4294967279,49
4294967279,276
4294967278,161
4294967279,275
4294967278,309
4294967279,47
4294967279,158
4294967294,1680
4294967294,1679
4294967278,159
4294967279,46
4294967279,274
4294967294,437
4294967294,436
4294967294,1678
4294967294,1677
4294967294,1676
4294967278,158
4294967279,273
4294967294,434
4294967294,435
4294967294,1675
4294967294,1674
4294967278,156
4294967279,44
4294967279,272
4294967294,430
4294967294,429
4294967294,1673
4294967294,1672
4294967294,1671
4294967294,1670
4294967294,1669
4294967294,1668
4294967294,1667
4294967294,1666
4294967278,155
4294967279,43
4294967279,271
4294967294,420
4294967294,419
4294967294,418
4294967278,154
4294967279,270
4294967294,1665
4294967278,153
4294967279,269
4294967278,40
4294967278,152
4294967278,270
4294967279,40
4294967279,151
4294967279,268
4294967278,39
4294967278,151
4294967278,269
4294967279,150
4294967279,267
4294967294,632
4294967278,150
4294967278,268
